id q Q x y z phi
00A1BF98  0.0010823 0.582441 -600 -600 8000 7.10286e+08
00A1C780  -0.00288606 -1.03754 0 200 8200 9.6791e+08
00A1B7B0  -0.000547976 0.0481602 0 0 8600 8.38125e+08
00A1BFF0  -0.00274651 0.042234 600 -200 8000 6.99722e+08
00A1C728  0.00165927 0.541151 -200 -600 8200 7.96665e+08
00A1B758  0.00018211 -0.918195 0 -200 8200 9.18366e+08
00A1B700  -0.00299285 -11.6518 0 0 8000 9.32879e+08
00A1D490  0.00500769 0.659053 -600 -400 7400 6.08196e+08
00A1BCD8  -0.000921465 -0.47818 0 -400 8400 8.12383e+08
00A1C4C0  -0.0026718 0.571623 -800 -400 7600 6.1062e+08
00A1B4F0  -0.0022829 0.912256 0 200 8400 9.02505e+08
00A1BC28  -0.00041795 0.0834956 -400 0 7800 7.99249e+08
00A1B440  -0.00153546 -3.80396 0 0 8200 9.27289e+08
00A1C0F8  0.00259513 0.666446 800 0 8000 6.39734e+08
00A1B860  -0.00140491 -3.48213 0 -200 8000 9.02659e+08
00A1B808  -0.00122669 -1.39147 0 -200 7800 9.23228e+08
00A1C888  -0.00137791 0.466086 -600 -400 7600 6.81878e+08
00A1D070  0.00455861 0.0319642 600 -400 8400 6.57393e+08
00A1C0A0  0.000854119 0.512647 -400 -200 7600 7.82661e+08
00A1B8B8  -0.00097614 0.567462 200 0 8400 8.96677e+08
00A1B968  -0.000945518 0.639674 -200 -400 8400 8.52867e+08
00A1D330  0.00536067 0.0951125 -1000 -400 8800 5.82059e+08
00A1C360  -0.00191319 0.346353 -800 -400 8400 6.7338e+08
00A1BB78  -0.0021798 -0.22019 200 -200 8000 9.61708e+08
00A1B910  -0.00384053 1.90762 -200 -200 7600 8.97981e+08
00A1B9C0  -0.00304997 2.87106 0 -400 7600 9.15633e+08
00A1B5F8  -0.00319762 0.358261 -200 -400 8200 8.708e+08
00A1C5C8  -0.0014457 0.279639 -600 -200 7800 7.2923e+08
00A1C200  0.00146388 0.47479 600 -400 8200 6.84294e+08
00A1BA18  -0.00406409 0.816437 200 -400 8200 8.49381e+08
00A1BA70  0.000320431 0.664174 -400 -400 8200 8.30244e+08
00A1C308  0.00028296 0.0533688 -200 400 8600 7.32169e+08
00A1BBD0  -0.00206286 0.826091 -400 -400 8600 8.04786e+08
00A1BAC8  0.0010567 -0.370695 200 -200 7800 8.90044e+08
00A1C3B8  -0.000379537 0.410117 600 -200 8200 7.0501e+08
00A1BB20  0.00235817 0.664055 0 -400 7800 8.81425e+08
00A1C620  -0.0012614 0.487619 0 -600 8600 7.60481e+08
00A1B650  0.0002895 0.888766 0 200 8800 8.17016e+08
00A1BE38  -0.000731033 -2.79606 -200 0 7800 8.75083e+08
00A1BC80  -0.0024277 -1.08321 400 -200 8200 7.59838e+08
00A1BD30  0.000605011 0.221825 0 -400 8200 8.62799e+08
00A1B5A0  0.000474981 0.42591 -200 0 9000 8.06523e+08
00A1BD88  0.000147654 -0.353169 -400 -400 8000 7.91322e+08
00A1B548  -0.00107477 0.0201683 -600 -400 8200 7.31619e+08
00A1BDE0  -0.000901145 -0.128539 -200 200 8800 7.74451e+08
00A1BE90  0.000742133 -0.243514 -400 -400 8400 7.94674e+08
00A1BEE8  -0.000398663 0.428495 -600 -400 8800 7.30184e+08
00A1D438  0.00147127 0.203949 -800 -600 8600 6.43887e+08
00A1C468  0.000107607 0.0753874 -600 -400 8000 7.28476e+08
00A1B498  -0.00267662 1.05453 -400 -600 8000 7.78607e+08
00A1B6A8  0.000439675 0.150185 0 0 8800 8.11427e+08
00A1C9E8  -0.00106342 0.407752 -200 400 8800 7.35392e+08
00A1C258  -0.000518153 0.656603 -400 200 9000 7.61559e+08
00A1C410  -0.000214834 0.467994 -400 -200 8000 8.77298e+08
00A1C570  -0.00145051 0.478572 -400 -200 7800 8.37789e+08
00A1C938  0.00278007 0.651139 -400 -1000 8400 6.26791e+08
00A1C150  -0.00121805 -1.09304 -200 -400 8000 8.01376e+08
00A1C7D8  -0.000986143 0.147082 200 -200 8600 8.14764e+08
00A1BF40  -0.00105371 0.212031 -400 -800 8200 6.83949e+08
00A1C830  -0.00600091 0.561193 -800 -400 8600 6.93523e+08
00A1D178  0.00208467 0.187583 -600 0 9200 7.09426e+08
00A1C1A8  -0.00332622 0.437785 -600 -600 8800 6.9921e+08
00A1C518  0.000146772 0.596279 200 -400 8600 8.10891e+08
00A1C6D0  -0.000910465 -0.277274 -400 -200 8200 8.41823e+08
00A1C678  -0.00307923 -0.83613 -200 -200 7800 8.81695e+08
00A1D018  0.00149001 0.010192 200 -600 8600 7.22178e+08
00A1C048  -0.00308878 0.651527 400 -400 8600 7.52111e+08
00A1C8E0  0.00183332 0.524239 200 -400 8800 7.77637e+08
00A1C2B0  0.00275458 0.602985 -200 -1000 8200 6.2727e+08
00A1C990  0.00339153 0.593683 -400 600 8600 6.49435e+08
00A1CA98  0.00355765 0.668206 800 0 7800 6.09603e+08
00A1CBA0  0.00203703 0.443678 600 -400 8000 6.70426e+08
00A1CD00  0.00324196 0.474923 -200 -800 8800 6.78486e+08
00A1CEB8  0.000482531 0.0920715 -200 -600 8600 7.54315e+08
00A1D120  0.00239563 0.306606 -800 -400 7800 6.32747e+08
00A1CBF8  0.00319277 0.394449 -1000 -400 8600 6.07635e+08
00A1D4E8  -0.00115153 -0.100669 -200 0 8800 7.87824e+08
00A1CD58  0.000784213 0.053064 -400 -600 9000 6.84178e+08
00A1CA40  0.00461198 0.295153 -600 -800 8800 6.31524e+08
00A1CAF0  0.00588662 0.212608 -1000 -600 7600 4.87823e+08
00A1D1D0  0.00136718 0.0509325 -800 -600 7800 5.83284e+08
00A1D228  0.00236466 0.0419912 -800 -200 8600 6.59375e+08
